499
498
497
497
496
496
496
496
494
494
493
493
492
491
490
490
488
488
487
487
484
483
481
481
479
478
475
474
473
472
471
471
470
470
469
468
467
466
465
465
464
464
461
460
460
459
459
458
458
454
452
451
449
446
445
445
444
444
444
443
441
440
440
439
438
437
436
436
436
434
433
433
432
430
429
428
428
428
427
426
425
424
422
422
421
421
420
418
417
417
417
417
416
416
414
414
412
412
408
407
404
404
404
403
402
402
400
399
399
398
396
395
394
392
390
390
388
388
387
386
386
385
384
381
379
379
379
378
378
376
373
373
372
372
371
369
368
368
368
367
367
365
365
363
360
360
359
358
358
358
357
356
356
356
355
355
355
353
350
350
350
349
348
348
346
346
343
343
342
342
341
340
340
340
340
340
339
338
336
336
335
333
329
329
328
326
326
324
321
320
319
319
318
318
317
314
313
312
312
311
311
310
309
308
306
305
304
304
303
303
301
301
301
299
299
298
297
296
295
295
294
293
292
292
290
289
289
288
286
286
285
284
284
283
282
280
276
276
275
274
273
273
272
271
270
270
270
269
269
264
264
263
261
261
260
259
258
257
256
256
255
255
254
254
253
253
249
248
248
246
246
245
243
243
243
238
237
237
236
235
234
233
232
232
232
230
229
229
229
228
228
228
227
226
225
224
223
222
221
219
217
215
215
214
213
213
210
209
209
208
208
206
205
205
205
205
202
202
199
199
199
197
197
193
192
190
190
190
190
189
189
189
188
188
186
184
183
183
182
181
181
179
177
177
175
172
172
169
168
168
167
163
161
160
159
159
158
157
157
155
152
152
151
150
149
148
147
147
144
144
143
142
141
140
139
137
137
134
133
131
131
130
129
128
127
127
127
126
126
125
125
124
124
124
122
121
121
120
119
118
118
117
117
114
113
113
111
110
107
107
106
106
105
101
100
100
100
99
97
97
95
93
90
90
90
90
87
86
84
84
82
81
81
81
80
79
78
74
71
70
69
68
67
67
67
66
62
59
57
56
55
52
51
51
50
50
49
46
43
42
42
42
42
41
39
38
38
36
36
35
34
33
31
29
29
29
29
28
28
28
27
25
24
24
23
22
21
19
18
12
11
9
7
6
5
4
4
4
3
2
