86
86
92
62
90
26
40
26
72
36
68
82
30
62
2
22
58
56
42
84
98
24
70
70
434
378
402
492
152
256
280
286
444
440
356
86
306
124
28
232
270
368
208
340
296
118
346
488
264
228
350
34
264
124
414
356
436
432
228
474
358
318
428
428
276
622
794
462
682
390
292
574
740
54
30
98
516
516
2
796
404
338
580
218
970
862
812
536
904
176
744
950
236
560
818
244
934
614
768
918
882
822
982
30
574
126
486
74
814
762
88
710
732
294
346
328
710
18
836
90
858
130
904
604
250
868
6
120
226
596
560
36
770
518
342
532
196
270
984
172
234
40
72
398
830
950
30
714
522
924
82
232
204
954
898
486
640
278
262
262
848
324
272
122
154
776
218
728
806
720
84
308
334
698
376
898
52
506
10
16
224
378
114
338
426
532
122
850
590
254
350
494
720
982
296
404
722
892
32
134
506
708
962
776
154
932
382
266
860
682
86
930
990
314
476
116
820
892
528
490
136
360
618
928
582
310
888
570
8
722
350
126
910
528
398
888
610
890
976
552
566
952
368
298
184
776
266
428
954
528
308
278
672
774
412
382
334
334
354
762
972
716
852
850
662
482
154
506
364
790
172
828
280
856
590
970
352
112
300
506
638
364
32
154
104
412
538
636
170
956
844
760
814
314
326
886
152
790
264
548
198
468
156
960
86
86
92
62
90
26
40
26
72
36
68
82
30
62
2
22
58
56
42
84
98
24
70
70
434
378
402
492
152
256
280
286
444
440
356
86
306
124
28
232
270
368
208
340
296
118
346
488
264
228
350
34
264
124
414
356
436
432
228
474
358
318
428
428
276
622
794
462
682
390
292
574
740
54
30
98
516
516
2
796
404
338
580
218
970
862
812
536
904
176
744
950
236
560
818
244
934
614
768
918
882
822
982
30
574
126
486
74
814
762
88
710
732
294
346
328
710
18
836
90
858
130
904
604
250
868
6
120
226
596
560
36
770
518
342
532
196
270
984
172
234
40
72
398
830
950
30
714
522
924
82
232
204
954
898
486
640
278
262
262
848
324
272
122
154
776
218
728
806
720
84
308
334
698
376
898
52
506
10
16
224
378
114
338
426
532
122
850
590
254
350
494
720
982
296
404
722
892
32
134
506
708
962
776
154
932
382
266
860
682
86
930
990
314
476
116
820
892
528
490
136
360
618
928
582
310
888
570
8
722
350
126
910
528
398
888
610
890
976
552
566
952
368
298
184
776
266
428
954
528
308
278
672
774
412
382
334
334
354
762
972
716
852
850
662
482
154
506
364
790
172
828
280
856
590
970
352
112
300
506
638
364
32
154
104
412
538
636
170
956
844
760
814
314
326
886
152
790
264
548
198
468
156
960
86
86
92
62
90
26
40
26
72
36
68
82
30
62
2
22
58
56
42
84
98
24
70
70
434
378
402
492
152
256
280
286
444
440
356
86
306
124
28
232
270
368
208
340
296
118
346
488
264
228
350
34
264
124
414
356
436
432
228
474
358
318
428
428
276
622
794
462
682
390
292
574
740
54
30
98
516
516
2
796
404
338
580
218
970
862
812
536
904
176
744
950
236
560
818
244
934
614
768
918
882
822
982
30
574
126
486
74
814
762
88
710
732
294
346
328
710
18
836
90
858
130
904
604
250
868
6
120
226
596
560
36
770
518
342
532
196
270
984
172
234
40
72
398
830
950
30
714
522
924
82
232
204
954
898
486
640
278
262
262
848
324
272
122
154
776
218
728
806
720
84
308
334
698
376
898
52
506
10
16
224
378
114
338
426
532
122
850
590
254
350
494
720
982
296
404
722
892
32
134
506
708
962
776
154
932
382
266
860
682
86
930
990
314
476
116
820
892
528
490
136
360
618
928
582
310
888
570
8
722
350
126
910
528
398
888
610
890
976
552
566
952
368
298
184
776
266
428
954
528
308
278
672
774
412
382
334
334
354
762
972
716
852
850
662
482
154
506
364
790
172
828
280
856
590
970
352
112
300
506
638
364
32
154
104
412
538
636
170
956
844
760
814
314
326
886
152
790
264
548
198
468
156
960
86
86
92
62
90
26
40
26
72
36
68
82
30
62
2
22
58
56
42
84
98
24
70
70
434
378
402
492
152
256
280
286
444
440
356
86
306
124
28
232
270
368
208
340
296
118
346
488
264
228
350
34
264
124
414
356
436
432
228
474
358
318
428
428
276
622
794
462
682
390
292
574
740
54
30
98
516
516
2
796
404
338
580
218
970
862
812
536
904
176
744
950
236
560
818
244
934
614
768
918
882
822
982
30
574
126
486
74
814
762
88
710
732
294
346
328
710
18
836
90
858
130
904
604
250
868
6
120
226
596
560
36
770
518
342
532
196
270
984
172
234
40
72
398
830
950
30
714
522
924
82
232
204
954
898
486
640
278
262
262
848
324
272
122
154
776
218
728
806
720
84
308
334
698
376
898
52
506
10
16
224
378
114
338
426
532
122
850
590
254
350
494
720
982
296
404
722
892
32
134
506
708
962
776
154
932
382
266
860
682
86
930
990
314
476
116
820
892
528
490
136
360
618
928
582
310
888
570
8
722
350
126
910
528
398
888
610
890
976
552
566
952
368
298
184
776
266
428
954
528
308
278
672
774
412
382
334
334
354
762
972
716
852
850
662
482
154
506
364
790
172
828
280
856
590
970
352
112
300
506
638
364
32
154
104
412
538
636
170
956
844
760
814
314
326
886
152
790
264
548
198
468
156
960
86
86
92
62
90
26
40
26
72
36
68
82
30
62
2
22
58
56
42
84
98
24
70
70
434
378
402
492
152
256
280
286
444
440
356
86
306
124
28
232
270
368
208
340
296
118
346
488
264
228
350
34
264
124
414
356
436
432
228
474
358
318
428
428
276
622
794
462
682
390
292
574
740
54
30
98
516
516
2
796
404
338
580
218
970
862
812
536
904
176
744
950
236
560
818
244
934
614
768
918
882
822
982
30
574
126
486
74
814
762
88
710
732
294
346
328
710
18
836
90
858
130
904
604
250
868
6
120
226
596
560
36
770
518
342
532
196
270
984
172
234
40
72
398
830
950
30
714
522
924
82
232
204
954
898
486
640
278
262
262
848
324
272
122
154
776
218
728
806
720
84
308
334
698
376
898
52
506
10
16
224
378
114
338
426
532
122
850
590
254
350
494
720
982
296
404
722
892
32
134
506
708
962
776
154
932
382
266
860
682
86
930
990
314
476
116
820
892
528
490
136
360
618
928
582
310
888
570
8
722
350
126
910
528
398
888
610
890
976
552
566
952
368
298
184
776
266
428
954
528
308
278
672
774
412
382
334
334
354
762
972
716
852
850
662
482
154
506
364
790
172
828
280
856
590
970
352
112
300
506
638
364
32
154
104
412
538
636
170
956
844
760
814
314
326
886
152
790
264
548
198
468
156
960
86
86
92
62
90
26
40
26
72
36
68
82
30
62
2
22
58
56
42
84
98
24
70
70
434
378
402
492
152
256
280
286
444
440
356
86
306
124
28
232
270
368
208
340
296
118
346
488
264
228
350
34
264
124
414
356
436
432
228
474
358
318
428
428
276
622
794
462
682
390
292
574
740
54
30
98
516
516
2
796
404
338
580
218
970
862
812
536
904
176
744
950
236
560
818
244
934
614
768
918
882
822
982
30
574
126
486
74
814
762
88
710
732
294
346
328
710
18
836
90
858
130
904
604
250
868
6
120
226
596
560
36
770
518
342
532
196
270
984
172
234
40
72
398
830
950
30
714
522
924
82
232
204
954
898
486
640
278
262
262
848
324
272
122
154
776
218
728
806
720
84
308
334
698
376
898
52
506
10
16
224
378
114
338
426
532
122
850
590
254
350
494
720
982
296
404
722
892
32
134
506
708
962
776
154
932
382
266
860
682
86
930
990
314
476
116
820
892
528
490
136
360
618
928
582
310
888
570
8
722
350
126
910
528
398
888
610
890
976
552
566
952
368
298
184
776
266
428
954
528
308
278
672
774
412
382
334
334
354
762
972
716
852
850
662
482
154
506
364
790
172
828
280
856
590
970
352
112
300
506
638
364
32
154
104
412
538
636
170
956
844
760
814
314
326
886
152
790
264
548
198
468
156
960
86
86
92
62
90
26
40
26
72
36
68
82
30
62
2
22
58
56
42
84
98
24
70
70
434
378
402
492
152
256
280
286
444
440
356
86
306
124
28
232
270
368
208
340
296
118
346
488
264
228
350
34
264
124
414
356
436
432
228
474
358
318
428
428
276
622
794
462
682
390
292
574
740
54
30
98
516
516
2
796
404
338
580
218
970
862
812
536
904
176
744
950
236
560
818
244
934
614
768
918
882
822
982
30
574
126
486
74
814
762
88
710
732
294
346
328
710
18
836
90
858
130
904
604
250
868
6
120
226
596
560
36
770
518
342
532
196
270
984
172
234
40
72
398
830
950
30
714
522
924
82
232
204
954
898
486
640
278
262
262
848
324
272
122
154
776
218
728
806
720
84
308
334
698
376
898
52
506
10
16
224
378
114
338
426
532
122
850
590
254
350
494
720
982
296
404
722
892
32
134
506
708
962
776
154
932
382
266
860
682
86
930
990
314
476
116
820
892
528
490
136
360
618
928
582
310
888
570
8
722
350
126
910
528
398
888
610
890
976
552
566
952
368
298
184
776
266
428
954
528
308
278
672
774
412
382
334
334
354
762
972
716
852
850
662
482
154
506
364
790
172
828
280
856
590
970
352
112
300
506
638
364
32
154
104
412
538
636
170
956
844
760
814
314
326
886
152
790
264
548
198
468
156
960
86
86
92
62
90
26
40
26
72
36
68
82
30
62
2
22
58
56
42
84
98
24
70
70
434
378
402
492
152
256
280
286
444
440
356
86
306
124
28
232
270
368
208
340
296
118
346
488
264
228
350
34
264
124
414
356
436
432
228
474
358
318
428
428
276
622
794
462
682
390
292
574
740
54
30
98
516
516
2
796
404
338
580
218
970
862
812
536
904
176
744
950
236
560
818
244
934
614
768
918
882
822
982
30
574
126
486
74
814
762
88
710
732
294
346
328
710
18
836
90
858
130
904
604
250
868
6
120
226
596
560
36
770
518
342
532
196
270
984
172
234
40
72
398
830
950
30
714
522
924
82
232
204
954
898
486
640
278
262
262
848
324
272
122
154
776
218
728
806
720
84
308
334
698
376
898
52
506
10
16
224
378
114
338
426
532
122
850
590
254
350
494
720
982
296
404
722
892
32
134
506
708
962
776
154
932
382
266
860
682
86
930
990
314
476
116
820
892
528
490
136
360
618
928
582
310
888
570
8
722
350
126
910
528
398
888
610
890
976
552
566
952
368
298
184
776
266
428
954
528
308
278
672
774
412
382
334
334
354
762
972
716
852
850
662
482
154
506
364
790
172
828
280
856
590
970
352
112
300
506
638
364
32
154
104
412
538
636
170
956
844
760
814
314
326
886
152
790
264
548
198
468
156
960
86
86
92
62
90
26
40
26
72
36
68
82
30
62
2
22
58
56
42
84
98
24
70
70
434
378
402
492
152
256
280
286
444
440
356
86
306
124
28
232
270
368
208
340
296
118
346
488
264
228
350
34
264
124
414
356
436
432
228
474
358
318
428
428
276
622
794
462
682
390
292
574
740
54
30
98
516
516
2
796
404
338
580
218
970
862
812
536
904
176
744
950
236
560
818
244
934
614
768
918
882
822
982
30
574
126
486
74
814
762
88
710
732
294
346
328
710
18
836
90
858
130
904
604
250
868
6
120
226
596
560
36
770
518
342
532
196
270
984
172
234
40
72
398
830
950
30
714
522
924
82
232
204
954
898
486
640
278
262
262
848
324
272
122
154
776
218
728
806
720
84
308
334
698
376
898
52
506
10
16
224
378
114
338
426
532
122
850
590
254
350
494
720
982
296
404
722
892
32
134
506
708
962
776
154
932
382
266
860
682
86
930
990
314
476
116
820
892
528
490
136
360
618
928
582
310
888
570
8
722
350
126
910
528
398
888
610
890
976
552
566
952
368
298
184
776
266
428
954
528
308
278
672
774
412
382
334
334
354
762
972
716
852
850
662
482
154
506
364
790
172
828
280
856
590
970
352
112
300
506
638
364
32
154
104
412
538
636
170
956
844
760
814
314
326
886
152
790
264
548
198
468
156
960
86
86
92
62
90
26
40
26
72
36
68
82
30
62
2
22
58
56
42
84
98
24
70
70
434
378
402
492
152
256
280
286
444
440
356
86
306
124
28
232
270
368
208
340
296
118
346
488
264
228
350
34
264
124
414
356
436
432
228
474
358
318
428
428
276
622
794
462
682
390
292
574
740
54
30
98
516
516
2
796
404
338
580
218
970
862
812
536
904
176
744
950
236
560
818
244
934
614
768
918
882
822
982
30
574
126
486
74
814
762
88
710
732
294
346
328
710
18
836
90
858
130
904
604
250
868
6
120
226
596
560
36
770
518
342
532
196
270
984
172
234
40
72
398
830
950
30
714
522
924
82
232
204
954
898
486
640
278
262
262
848
324
272
122
154
776
218
728
806
720
84
308
334
698
376
898
52
506
10
16
224
378
114
338
426
532
122
850
590
254
350
494
720
982
296
404
722
892
32
134
506
708
962
776
154
932
382
266
860
682
86
930
990
314
476
116
820
892
528
490
136
360
618
928
582
310
888
570
8
722
350
126
910
528
398
888
610
890
976
552
566
952
368
298
184
776
266
428
954
528
308
278
672
774
412
382
334
334
354
762
972
716
852
850
662
482
154
506
364
790
172
828
280
856
590
970
352
112
300
506
638
364
32
154
104
412
538
636
170
956
844
760
814
314
326
886
152
790
264
548
198
468
156
960
86
86
92
62
90
26
40
26
72
36
68
82
30
62
2
22
58
56
42
84
98
24
70
70
434
378
402
492
152
256
280
286
444
440
356
86
306
124
28
232
270
368
208
340
296
118
346
488
264
228
350
34
264
124
414
356
436
432
228
474
358
318
428
428
276
622
794
462
682
390
292
574
740
54
30
98
516
516
2
796
404
338
580
218
970
862
812
536
904
176
744
950
236
560
818
244
934
614
768
918
882
822
982
30
574
126
486
74
814
762
88
710
732
294
346
328
710
18
836
90
858
130
904
604
250
868
6
120
226
596
560
36
770
518
342
532
196
270
984
172
234
40
72
398
830
950
30
714
522
924
82
232
204
954
898
486
640
278
262
262
848
324
272
122
154
776
218
728
806
720
84
308
334
698
376
898
52
506
10
16
224
378
114
338
426
532
122
850
590
254
350
494
720
982
296
404
722
892
32
134
506
708
962
776
154
932
382
266
860
682
86
930
990
314
476
116
820
892
528
490
136
360
618
928
582
310
888
570
8
722
350
126
910
528
398
888
610
890
976
552
566
952
368
298
184
776
266
428
954
528
308
278
672
774
412
382
334
334
354
762
972
716
852
850
662
482
154
506
364
790
172
828
280
856
590
970
352
112
300
506
638
364
32
154
104
412
538
636
170
956
844
760
814
314
326
886
152
790
264
548
198
468
156
960
86
86
92
62
90
26
40
26
72
36
68
82
30
62
2
22
58
56
42
84
98
24
70
70
434
378
402
492
152
256
280
286
444
440
356
86
306
124
28
232
270
368
208
340
296
118
346
488
264
228
350
34
264
124
414
356
436
432
228
474
358
318
428
428
276
622
794
462
682
390
292
574
740
54
30
98
516
516
2
796
404
338
580
218
970
862
812
536
904
176
744
950
236
560
818
244
934
614
768
918
882
822
982
30
574
126
486
74
814
762
88
710
732
294
346
328
710
18
836
90
858
130
904
604
250
868
6
120
226
596
560
36
770
518
342
532
196
270
984
172
234
40
72
398
830
950
30
714
522
924
82
232
204
954
898
486
640
278
262
262
848
324
272
122
154
776
218
728
806
720
84
308
334
698
376
898
52
506
10
16
224
378
114
338
426
532
122
850
590
254
350
494
720
982
296
404
722
892
32
134
506
708
962
776
154
932
382
266
860
682
86
930
990
314
476
116
820
892
528
490
136
360
618
928
582
310
888
570
8
722
350
126
910
528
398
888
610
890
976
552
566
952
368
298
184
776
266
428
954
528
308
278
672
774
412
382
334
334
354
762
972
716
852
850
662
482
154
506
364
790
172
828
280
856
590
970
352
112
300
506
638
364
32
154
104
412
538
636
170
956
844
760
814
314
326
886
152
790
264
548
198
468
156
960
86
86
92
62
90
26
40
26
72
36
68
82
30
62
2
22
58
56
42
84
98
24
70
70
434
378
402
492
152
256
280
286
444
440
356
86
306
124
28
232
270
368
208
340
296
118
346
488
264
228
350
34
264
124
414
356
436
432
228
474
358
318
428
428
276
622
794
462
682
390
292
574
740
54
30
98
516
516
2
796
404
338
580
218
970
862
812
536
904
176
744
950
236
560
818
244
934
614
768
918
882
822
982
30
574
126
486
74
814
762
88
710
732
294
346
328
710
18
836
90
858
130
904
604
250
868
6
120
226
596
560
36
770
518
342
532
196
270
984
172
234
40
72
398
830
950
30
714
522
924
82
232
204
954
898
486
640
278
262
262
848
324
272
122
154
776
218
728
806
720
84
308
334
698
376
898
52
506
10
16
224
378
114
338
426
532
122
850
590
254
350
494
720
982
296
404
722
892
32
134
506
708
962
776
154
932
382
266
860
682
86
930
990
314
476
116
820
892
528
490
136
360
618
928
582
310
888
570
8
722
350
126
910
528
398
888
610
890
976
552
566
952
368
298
184
776
266
428
954
528
308
278
672
774
412
382
334
334
354
762
972
716
852
850
662
482
154
506
364
790
172
828
280
856
590
970
352
112
300
506
638
364
32
154
104
412
538
636
170
956
844
760
814
314
326
886
152
790
264
548
198
468
156
960
86
86
92
62
90
26
40
26
72
36
68
82
30
62
2
22
58
56
42
84
98
24
70
70
434
378
402
492
152
256
280
286
444
440
356
86
306
124
28
232
270
368
208
340
296
118
346
488
264
228
350
34
264
124
414
356
436
432
228
474
358
318
428
428
276
622
794
462
682
390
292
574
740
54
30
98
516
516
2
796
404
338
580
218
970
862
812
536
904
176
744
950
236
560
818
244
934
614
768
918
882
822
982
30
574
126
486
74
814
762
88
710
732
294
346
328
710
18
836
90
858
130
904
604
250
868
6
120
226
596
560
36
770
518
342
532
196
270
984
172
234
40
72
398
830
950
30
714
522
924
82
232
204
954
898
486
640
278
262
262
848
324
272
122
154
776
218
728
806
720
84
308
334
698
376
898
52
506
10
16
224
378
114
338
426
532
122
850
590
254
350
494
720
982
296
404
722
892
32
134
506
708
962
776
154
932
382
266
860
682
86
930
990
314
476
116
820
892
528
490
136
360
618
928
582
310
888
570
8
722
350
126
910
528
398
888
610
890
976
552
566
952
368
298
184
776
266
428
954
528
308
278
672
774
412
382
334
334
354
762
972
716
852
850
662
482
154
506
364
790
172
828
280
856
590
970
352
112
300
506
638
364
32
154
104
412
538
636
170
956
844
760
814
314
326
886
152
790
264
548
198
468
156
960
86
86
92
62
90
26
40
26
72
36
68
82
30
62
2
22
58
56
42
84
98
24
70
70
434
378
402
492
152
256
280
286
444
440
356
86
306
124
28
232
270
368
208
340
296
118
346
488
264
228
350
34
264
124
414
356
436
432
228
474
358
318
428
428
276
622
794
462
682
390
292
574
740
54
30
98
516
516
2
796
404
338
580
218
970
862
812
536
904
176
744
950
236
560
818
244
934
614
768
918
882
822
982
30
574
126
486
74
814
762
88
710
732
294
346
328
710
18
836
90
858
130
904
604
250
868
6
120
226
596
560
36
770
518
342
532
196
270
984
172
234
40
72
398
830
950
30
714
522
924
82
232
204
954
898
486
640
278
262
262
848
324
272
122
154
776
218
728
806
720
84
308
334
698
376
898
52
506
10
16
224
378
114
338
426
532
122
850
590
254
350
494
720
982
296
404
722
892
32
134
506
708
962
776
154
932
382
266
860
682
86
930
990
314
476
116
820
892
528
490
136
360
618
928
582
310
888
570
8
722
350
126
910
528
398
888
610
890
976
552
566
952
368
298
184
776
266
428
954
528
308
278
672
774
412
382
334
334
354
762
972
716
852
850
662
482
154
506
364
790
172
828
280
856
590
970
352
112
300
506
638
364
32
154
104
412
538
636
170
956
844
760
814
314
326
886
152
790
264
548
198
468
156
960
