839
569
363
622
794
173
847
431
462
682
390
292
791
57
115
521
157
574
491
947
951
231
21
537
740
54
30
98
325
81
516
516
2
231
139
796
404
338
580
218
21
970
862
812
379
977
685
536
904
176
483
207
759
857
744
499
911
127
950
236
560
818
105
563
49
244
711
805
934
291
375
955
614
589
768
993
918
805
882
822
982
717
30
93
574
126
593
486
253
543
74
814
713
179
377
762
775
88
919
710
732
294
17
346
235
137
691
153
943
573
328
925
291
710
18
217
836
963
55
90
858
130
904
571
661
633
685
789
73
604
851
805
250
868
503
485
6
195
639
949
120
967
226
763
677
596
981
865
560
36
955
770
518
211
342
532
196
379
321
270
984
172
427
234
40
283
72
398
830
63
347
950
30
573
714
59
522
47
924
82
435
232
204
954
443
898
486
640
278
159
262
262
683
41
848
723
324
272
122
154
335
821
457
365
747
171
776
269
218
701
703
653
933
907
959
728
806
797
720
84
308
334
698
991
376
898
715
52
171
189
559
506
10
16
224
109
539
378
109
53
81
114
338
989
426
67
147
223
787
231
532
122
281
875
850
179
590
254
350
131
813
857
494
181
81
603
720
433
982
181
487
415
296
825
404
722
892
551
297
32
134
181
506
415
57
708
595
999
962
297
483
776
154
977
309
587
932
382
21
266
563
860
682
211
685
86
285
930
990
583
314
476
116
820
892
525
528
839
525
490
136
360
618
643
337
928
582
621
310
955
888
225
815
570
437
853
8
722
783
350
657
97
827
126
269
71
651
149
910
528
639
398
888
610
393
577
890
976
199
552
931
87
777
99
657
566
952
17
641
735
368
298
184
195
776
805
266
428
954
528
308
593
278
197
555
672
774
445
325
997
283
412
127
382
421
693
334
439
334
421
159
985
957
354
761
762
972
541
716
852
850
662
482
399
217
154
173
15
506
851
364
790
263
491
172
37
537
859
828
871
280
987
856
590
341
970
352
665
511
69
517
361
83
351
112
300
506
638
667
364
489
32
154
104
875
679
141
412
538
969
636
170
956
844
760
649
814
465
314
326
886
183
39
969
535
152
621
393
790
289
109
631
673
264
735
548
295
877
313
833
198
949
355
155
793
468
156
960
933
823
286
171
358
677
140
245
181
761
990
323
50
100
954
75
364
42
624
659
919
289
844
469
238
551
976
383
19
133
343
304
956
981
475
666
11
967
912
192
729
902
868
131
2
174
207
718
216
183
377
487
472
573
957
62
125
933
797
496
418
141
153
726
474
980
393
485
948
305
30
29
559
898
160
562
424
719
280
641
902
10
480
726
583
789
140
708
723
938
557
493
431
710
220
905
690
613
391
638
270
421
667
829
671
180
743
95
899
24
88
154
386
569
232
969
710
373
30
433
663
587
279
94
649
499
351
339
464
742
330
86
515
349
915
186
881
11
634
133
387
722
287
773
643
519
742
354
244
124
139
259
63
418
353
712
269
705
404
733
799
734
819
315
435
87
853
669
450
487
802
837
562
89
610
205
960
704
911
557
829
403
816
892
821
522
605
443
579
361
528
378
447
700
45
882
787
899
551
589
386
353
426
948
794
36
506
107
92
417
664
921
820
480
166
994
354
123
437
933
484
317
312
931
17
709
165
156
608
69
745
995
422
171
295
569
559
801
676
652
571
340
925
743
172
91
89
527
566
878
812
50
196
124
333
213
186
499
370
794
568
115
141
342
639
437
263
198
590
939
202
513
631
128
257
804
571
346
683
138
225
495
540
421
972
226
634
158
725
356
952
645
472
446
339
111
883
603
661
825
542
216
339
174
344
596
330
267
294
13
757
519
860
650
292
832
876
279
990
953
635
295
598
107
741
937
570
976
540
584
801
83
800
492
609
496
440
939
763
735
304
873
606
164
523
251
349
751
530
339
704
165
986
302
625
79
591
547
407
484
131
561
919
931
53
528
427
494
819
543
581
123
768
187
639
643
438
988
394
320
680
98
486
18
752
463
98
695
10
505
179
142
66
98
425
472
978
853
966
797
748
547
272
516
86
912
159
877
900
553
197
932
3
35
951
107
498
49
154
861
906
334
3
325
784
428
797
763
633
115
560
381
14
185
897
100
97
408
329
349
313
879
634
316
914
585
775
765
986
930
626
892
616
629
569
752
409
366
515
395
833
428
776
847
613
26
300
62
786
629
763
100
508
397
416
775
982
544
540
320
826
518
565
794
499
134
546
908
853
62
303
686
842
432
534
807
810
834
869
596
815
984
