2
2
3
3
6
8
10
10
10
11
11
13
14
15
16
17
17
17
18
18
19
21
21
21
24
26
29
30
30
30
30
30
32
32
35
36
36
37
39
40
41
42
45
47
49
49
50
50
52
53
53
54
55
57
57
59
62
62
62
63
63
66
67
69
69
71
72
73
74
75
79
81
81
81
82
83
83
84
86
86
86
87
87
88
88
89
89
90
91
92
93
94
95
97
97
98
98
98
98
99
100
100
100
104
105
107
107
107
109
109
109
111
112
114
115
115
115
116
120
122
122
123
123
124
124
125
126
126
127
127
128
130
131
131
131
133
133
134
134
136
137
138
139
139
140
140
141
141
141
142
147
149
152
153
153
154
154
154
154
154
154
155
156
156
157
158
159
159
159
160
164
165
165
166
170
171
171
171
171
172
172
172
173
173
174
174
176
179
179
179
180
181
181
181
181
183
183
184
185
186
186
187
189
192
195
195
196
196
197
197
198
198
199
202
204
205
207
207
211
211
213
216
216
217
217
218
218
220
223
224
225
225
226
226
231
231
231
232
232
234
235
236
238
244
244
245
250
251
253
254
257
259
262
262
263
263
264
266
266
267
269
269
269
270
270
272
272
278
278
279
279
280
280
281
283
283
285
286
287
289
289
291
291
292
292
294
294
295
295
295
296
297
297
298
300
300
302
303
304
304
305
308
308
309
310
312
313
313
314
314
315
316
317
320
320
321
323
324
325
325
325
326
328
329
330
330
333
334
334
334
334
335
337
338
338
339
339
339
339
340
341
342
342
343
344
346
346
347
349
349
349
350
350
351
351
352
353
353
354
354
354
355
356
358
360
361
361
363
364
364
364
365
366
368
370
373
375
376
377
377
378
378
379
379
381
382
382
383
386
386
387
390
391
393
393
393
394
395
397
398
398
399
403
404
404
404
407
408
409
412
412
415
415
416
417
418
418
421
421
421
421
422
424
425
426
426
427
427
428
428
428
431
431
432
433
433
435
435
437
437
437
438
439
440
443
443
445
446
447
450
457
462
463
464
465
468
469
472
472
472
474
475
476
480
480
482
483
483
484
484
485
485
486
486
486
487
487
487
489
490
491
491
492
493
494
494
495
496
496
498
499
499
499
499
503
505
506
506
506
506
506
508
511
513
515
515
516
516
516
517
518
518
519
519
521
522
522
523
525
525
527
528
528
528
528
528
530
532
532
534
535
536
537
537
538
539
540
540
540
541
542
543
543
544
546
547
547
548
551
551
551
552
553
555
557
557
559
559
559
560
560
560
561
562
562
563
563
565
566
566
568
569
569
569
569
570
570
571
571
571
573
573
573
574
574
577
579
580
581
582
583
583
584
585
587
587
589
589
590
590
590
591
593
593
595
596
596
596
598
603
603
604
605
606
608
609
610
610
613
613
614
616
618
621
621
622
624
625
626
629
629
631
631
633
633
634
634
634
635
636
638
638
639
639
639
639
640
641
641
643
643
643
645
649
649
650
651
652
653
657
657
659
661
661
662
663
664
665
666
667
667
669
671
672
673
676
677
677
679
680
682
682
683
683
685
685
685
686
690
691
693
695
698
700
701
703
704
704
705
708
708
709
710
710
710
710
711
712
713
714
715
716
717
718
719
720
720
722
722
722
723
723
725
726
726
728
729
732
733
734
735
735
735
740
741
742
742
743
743
744
745
747
748
751
752
752
757
759
760
761
761
762
762
763
763
763
763
765
768
768
770
773
774
775
775
775
776
776
776
776
777
783
784
786
787
787
789
789
790
790
791
793
794
794
794
794
796
797
797
797
797
799
800
801
801
802
804
805
805
805
805
806
807
810
812
812
813
814
814
815
815
816
818
819
819
820
820
821
821
822
823
825
825
826
827
828
829
829
830
832
833
833
834
836
837
839
839
842
844
844
847
847
848
850
850
851
851
852
853
853
853
853
856
857
857
858
859
860
860
861
862
865
868
868
869
871
873
875
875
876
877
877
878
879
881
882
882
883
886
888
888
890
892
892
892
892
897
898
898
898
899
899
900
902
902
904
904
905
906
907
908
910
911
911
912
912
914
915
918
919
919
919
921
924
925
925
928
930
930
931
931
931
932
932
933
933
933
933
934
937
938
939
939
943
947
948
948
949
949
950
950
951
951
952
952
953
954
954
954
955
955
955
956
956
957
957
959
960
960
962
963
966
967
967
969
969
969
970
970
972
972
976
976
976
977
977
978
980
981
981
982
982
982
984
984
985
986
986
987
988
989
990
990
990
991
993
994
995
997
999
