83
86
77
15
93
35
86
92
49
21
62
27
90
59
63
26
40
26
72
36
11
68
67
29
82
30
62
23
67
35
29
2
22
58
69
67
93
56
11
42
29
73
21
19
84
37
98
24
15
70
295
70
434
378
467
101
97
402
317
492
152
256
301
280
286
441
365
189
444
119
440
229
31
117
97
271
481
175
209
427
67
356
497
353
86
465
306
183
219
124
28
371
232
329
3
19
270
368
208
215
340
149
296
223
118
245
346
451
421
55
379
488
264
228
341
350
193
34
264
124
414
487
356
243
491
227
365
359
436
432
51
437
228
275
407
474
121
358
395
29
237
235
293
318
428
143
11
428
29
276
839
569
363
622
794
173
847
431
462
682
390
292
791
57
115
521
157
574
491
947
951
231
21
537
740
54
30
98
325
81
516
516
2
231
139
796
404
338
580
218
21
970
862
812
379
977
685
536
904
176
483
207
759
857
744
499
911
127
950
236
560
818
105
563
49
244
711
805
934
291
375
955
614
589
768
993
918
805
882
822
982
717
30
93
574
126
593
486
253
543
74
814
713
179
377
762
775
88
919
710
732
294
17
346
235
137
691
153
943
573
328
925
291
710
18
217
836
963
55
90
858
130
904
571
661
633
685
789
73
604
851
805
250
868
503
485
6
195
639
949
120
967
226
763
677
596
981
865
560
36
955
770
518
211
342
532
196
379
321
270
984
172
427
234
40
283
72
398
830
63
347
950
30
573
714
59
522
47
924
82
435
232
204
954
443
898
486
640
278
159
262
262
683
41
848
723
324
272
122
154
335
821
457
365
747
171
776
269
218
701
703
653
933
907
959
728
806
797
720
84
308
334
698
991
376
898
715
52
171
189
559
506
10
16
224
109
539
378
109
53
81
114
338
989
426
67
147
223
787
231
532
122
281
875
850
179
590
254
350
131
813
857
494
181
81
603
720
433
982
181
487
415
296
825
404
722
892
551
297
32
134
181
506
415
57
708
595
999
962
297
483
776
154
977
309
587
932
382
21
266
563
860
682
211
685
86
285
930
990
583
314
476
116
820
892
525
528
839
525
490
136
360
618
643
337
928
582
621
310
955
888
225
815
570
437
853
8
722
783
350
657
97
827
126
269
71
651
149
910
528
639
398
888
610
393
577
890
976
199
552
931
87
777
99
657
566
952
17
641
735
368
298
184
195
776
805
266
428
954
528
308
593
278
197
555
672
774
445
325
997
283
412
127
382
421
693
334
439
334
421
159
985
957
354
761
762
972
541
716
852
850
662
482
399
217
154
173
15
506
851
364
790
263
491
172
37
537
859
828
871
280
987
856
590
341
970
352
665
511
69
517
361
83
351
112
300
506
638
667
364
489
32
154
104
875
679
141
412
538
969
636
170
956
844
760
649
814
465
314
326
886
183
39
969
535
152
621
393
790
289
109
631
673
264
735
548
295
877
313
833
198
949
355
155
793
468
156
960
933
823
83
86
77
15
93
35
86
92
49
21
62
27
90
59
63
26
40
26
72
36
11
68
67
29
82
30
62
23
67
35
29
2
22
58
69
67
93
56
11
42
29
73
21
19
84
37
98
24
15
70
295
70
434
378
467
101
97
402
317
492
152
256
301
280
286
441
365
189
444
119
440
229
31
117
97
271
481
175
209
427
67
356
497
353
86
465
306
183
219
124
28
371
232
329
3
19
270
368
208
215
340
149
296
223
118
245
346
451
421
55
379
488
264
228
341
350
193
34
264
124
414
487
356
243
491
227
365
359
436
432
51
437
228
275
407
474
121
358
395
29
237
235
293
318
428
143
11
428
29
276
839
569
363
622
794
173
847
431
462
682
390
292
791
57
115
521
157
574
491
947
951
231
21
537
740
54
30
98
325
81
516
516
2
231
139
796
404
338
580
218
21
970
862
812
379
977
685
536
904
176
483
207
759
857
744
499
911
127
950
236
560
818
105
563
49
244
711
805
934
291
375
955
614
589
768
993
918
805
882
822
982
717
30
93
574
126
593
486
253
543
74
814
713
179
377
762
775
88
919
710
732
294
17
346
235
137
691
153
943
573
328
925
291
710
18
217
836
963
55
90
858
130
904
571
661
633
685
789
73
604
851
805
250
868
503
485
6
195
639
949
120
967
226
763
677
596
981
865
560
36
955
770
518
211
342
532
196
379
321
270
984
172
427
234
40
283
72
398
830
63
347
950
30
573
714
59
522
47
924
82
435
232
204
954
443
898
486
640
278
159
262
262
683
41
848
723
324
272
122
154
335
821
457
365
747
171
776
269
218
701
703
653
933
907
959
728
806
797
720
84
308
334
698
991
376
898
715
52
171
189
559
506
10
16
224
109
539
378
109
53
81
114
338
989
426
67
147
223
787
231
532
122
281
875
850
179
590
254
350
131
813
857
494
181
81
603
720
433
982
181
487
415
296
825
404
722
892
551
297
32
134
181
506
415
57
708
595
999
962
297
483
776
154
977
309
587
932
382
21
266
563
860
682
211
685
86
285
930
990
583
314
476
116
820
892
525
528
839
525
490
136
360
618
643
337
928
582
621
310
955
888
225
815
570
437
853
8
722
783
350
657
97
827
126
269
71
651
149
910
528
639
398
888
610
393
577
890
976
199
552
931
87
777
99
657
566
952
17
641
735
368
298
184
195
776
805
266
428
954
528
308
593
278
197
555
672
774
445
325
997
283
412
127
382
421
693
334
439
334
421
159
985
957
354
761
762
972
541
716
852
850
662
482
399
217
154
173
15
506
851
364
790
263
491
172
37
537
859
828
871
280
987
856
590
341
970
352
665
511
69
517
361
83
351
112
300
506
638
667
364
489
32
154
104
875
679
141
412
538
969
636
170
956
844
760
649
814
465
314
326
886
183
39
969
535
152
621
393
790
289
109
631
673
264
735
548
295
877
313
833
198
949
355
155
793
468
156
960
933
823
83
86
77
15
93
35
86
92
49
21
62
27
90
59
63
26
40
26
72
36
11
68
67
29
82
30
62
23
67
35
29
2
22
58
69
67
93
56
11
42
29
73
21
19
84
37
98
24
15
70
295
70
434
378
467
101
97
402
317
492
152
256
301
280
286
441
365
189
444
119
440
229
31
117
97
271
481
175
209
427
67
356
497
353
86
465
306
183
219
124
28
371
232
329
3
19
270
368
208
215
340
149
296
223
118
245
346
451
421
55
379
488
264
228
341
350
193
34
264
124
414
487
356
243
491
227
365
359
436
432
51
437
228
275
407
474
121
358
395
29
237
235
293
318
428
143
11
428
29
276
839
569
363
622
794
173
847
431
462
682
390
292
791
57
115
521
157
574
491
947
951
231
21
537
740
54
30
98
325
81
516
516
2
231
139
796
404
338
580
218
21
970
862
812
379
977
685
536
904
176
483
207
759
857
744
499
911
127
950
236
560
818
105
563
49
244
711
805
934
291
375
955
614
589
768
993
918
805
882
822
982
717
30
93
574
126
593
486
253
543
74
814
713
179
377
762
775
88
919
710
732
294
17
346
235
137
691
153
943
573
328
925
291
710
18
217
836
963
55
90
858
130
904
571
661
633
685
789
73
604
851
805
250
868
503
485
6
195
639
949
120
967
226
763
677
596
981
865
560
36
955
770
518
211
342
532
196
379
321
270
984
172
427
234
40
283
72
398
830
63
347
950
30
573
714
59
522
47
924
82
435
232
204
954
443
898
486
640
278
159
262
262
683
41
848
723
324
272
122
154
335
821
457
365
747
171
776
269
218
701
703
653
933
907
959
728
806
797
720
84
308
334
698
991
376
898
715
52
171
189
559
506
10
16
224
109
539
378
109
53
81
114
338
989
426
67
147
223
787
231
532
122
281
875
850
179
590
254
350
131
813
857
494
181
81
603
720
433
982
181
487
415
296
825
404
722
892
551
297
32
134
181
506
415
57
708
595
999
962
297
483
776
154
977
309
587
932
382
21
266
563
860
682
211
685
86
285
930
990
583
314
476
116
820
892
525
528
839
525
490
136
360
618
643
337
928
582
621
310
955
888
225
815
570
437
853
8
722
783
350
657
97
827
126
269
71
651
149
910
528
639
398
888
610
393
577
890
976
199
552
931
87
777
99
657
566
952
17
641
735
368
298
184
195
776
805
266
428
954
528
308
593
278
197
555
672
774
445
325
997
283
412
127
382
421
693
334
439
334
421
159
985
957
354
761
762
972
541
716
852
850
662
482
399
217
154
173
15
506
851
364
790
263
491
172
37
537
859
828
871
280
987
856
590
341
970
352
665
511
69
517
361
83
351
112
300
506
638
667
364
489
32
154
104
875
679
141
412
538
969
636
170
956
844
760
649
814
465
314
326
886
183
39
969
535
152
621
393
790
289
109
631
673
264
735
548
295
877
313
833
198
949
355
155
793
468
156
960
933
823
83
86
77
15
93
35
86
92
49
21
62
27
90
59
63
26
40
26
72
36
11
68
67
29
82
30
62
23
67
35
29
2
22
58
69
67
93
56
11
42
29
73
21
19
84
37
98
24
15
70
295
70
434
378
467
101
97
402
317
492
152
256
301
280
286
441
365
189
444
119
440
229
31
117
97
271
481
175
209
427
67
356
497
353
86
465
306
183
219
124
28
371
232
329
3
19
270
368
208
215
340
149
296
223
118
245
346
451
421
55
379
488
264
228
341
350
193
34
264
124
414
487
356
243
491
227
365
359
436
432
51
437
228
275
407
474
121
358
395
29
237
235
293
318
428
143
11
428
29
276
839
569
363
622
794
173
847
431
462
682
390
292
791
57
115
521
157
574
491
947
951
231
21
537
740
54
30
98
325
81
516
516
2
231
139
796
404
338
580
218
21
970
862
812
379
977
685
536
904
176
483
207
759
857
744
499
911
127
950
236
560
818
105
563
49
244
711
805
934
291
375
955
614
589
768
993
918
805
882
822
982
717
30
93
574
126
593
486
253
543
74
814
713
179
377
762
775
88
919
710
732
294
17
346
235
137
691
153
943
573
328
925
291
710
18
217
836
963
55
90
858
130
904
571
661
633
685
789
73
604
851
805
250
868
503
485
6
195
639
949
120
967
226
763
677
596
981
865
560
36
955
770
518
211
342
532
196
379
321
270
984
172
427
234
40
283
72
398
830
63
347
950
30
573
714
59
522
47
924
82
435
232
204
954
443
898
486
640
278
159
262
262
683
41
848
723
324
272
122
154
335
821
457
365
747
171
776
269
218
701
703
653
933
907
959
728
806
797
720
84
308
334
698
991
376
898
715
52
171
189
559
506
10
16
224
109
539
378
109
53
81
114
338
989
426
67
147
223
787
231
532
122
281
875
850
179
590
254
350
131
813
857
494
181
81
603
720
433
982
181
487
415
296
825
404
722
892
551
297
32
134
181
506
415
57
708
595
999
962
297
483
776
154
977
309
587
932
382
21
266
563
860
682
211
685
86
285
930
990
583
314
476
116
820
892
525
528
839
525
490
136
360
618
643
337
928
582
621
310
955
888
225
815
570
437
853
8
722
783
350
657
97
827
126
269
71
651
149
910
528
639
398
888
610
393
577
890
976
199
552
931
87
777
99
657
566
952
17
641
735
368
298
184
195
776
805
266
428
954
528
308
593
278
197
555
672
774
445
325
997
283
412
127
382
421
693
334
439
334
421
159
985
957
354
761
762
972
541
716
852
850
662
482
399
217
154
173
15
506
851
364
790
263
491
172
37
537
859
828
871
280
987
856
590
341
970
352
665
511
69
517
361
83
351
112
300
506
638
667
364
489
32
154
104
875
679
141
412
538
969
636
170
956
844
760
649
814
465
314
326
886
183
39
969
535
152
621
393
790
289
109
631
673
264
735
548
295
877
313
833
198
949
355
155
793
468
156
960
933
823
83
86
77
15
93
35
86
92
49
21
62
27
90
59
63
26
40
26
72
36
11
68
67
29
82
30
62
23
67
35
29
2
22
58
69
67
93
56
11
42
29
73
21
19
84
37
98
24
15
70
295
70
434
378
467
101
97
402
317
492
152
256
301
280
286
441
365
189
444
119
440
229
31
117
97
271
481
175
209
427
67
356
497
353
86
465
306
183
219
124
28
371
232
329
3
19
270
368
208
215
340
149
296
223
118
245
346
451
421
55
379
488
264
228
341
350
193
34
264
124
414
487
356
243
491
227
365
359
436
432
51
437
228
275
407
474
121
358
395
29
237
235
293
318
428
143
11
428
29
276
839
569
363
622
794
173
847
431
462
682
390
292
791
57
115
521
157
574
491
947
951
231
21
537
740
54
30
98
325
81
516
516
2
231
139
796
404
338
580
218
21
970
862
812
379
977
685
536
904
176
483
207
759
857
744
499
911
127
950
236
560
818
105
563
49
244
711
805
934
291
375
955
614
589
768
993
918
805
882
822
982
717
30
93
574
126
593
486
253
543
74
814
713
179
377
762
775
88
919
710
732
294
17
346
235
137
691
153
943
573
328
925
291
710
18
217
836
963
55
90
858
130
904
571
661
633
685
789
73
604
851
805
250
868
503
485
6
195
639
949
120
967
226
763
677
596
981
865
560
36
955
770
518
211
342
532
196
379
321
270
984
172
427
234
40
283
72
398
830
63
347
950
30
573
714
59
522
47
924
82
435
232
204
954
443
898
486
640
278
159
262
262
683
41
848
723
324
272
122
154
335
821
457
365
747
171
776
269
218
701
703
653
933
907
959
728
806
797
720
84
308
334
698
991
376
898
715
52
171
189
559
506
10
16
224
109
539
378
109
53
81
114
338
989
426
67
147
223
787
231
532
122
281
875
850
179
590
254
350
131
813
857
494
181
81
603
720
433
982
181
487
415
296
825
404
722
892
551
297
32
134
181
506
415
57
708
595
999
962
297
483
776
154
977
309
587
932
382
21
266
563
860
682
211
685
86
285
930
990
583
314
476
116
820
892
525
528
839
525
490
136
360
618
643
337
928
582
621
310
955
888
225
815
570
437
853
8
722
783
350
657
97
827
126
269
71
651
149
910
528
639
398
888
610
393
577
890
976
199
552
931
87
777
99
657
566
952
17
641
735
368
298
184
195
776
805
266
428
954
528
308
593
278
197
555
672
774
445
325
997
283
412
127
382
421
693
334
439
334
421
159
985
957
354
761
762
972
541
716
852
850
662
482
399
217
154
173
15
506
851
364
790
263
491
172
37
537
859
828
871
280
987
856
590
341
970
352
665
511
69
517
361
83
351
112
300
506
638
667
364
489
32
154
104
875
679
141
412
538
969
636
170
956
844
760
649
814
465
314
326
886
183
39
969
535
152
621
393
790
289
109
631
673
264
735
548
295
877
313
833
198
949
355
155
793
468
156
960
933
823
