295
70
434
378
467
101
97
402
317
492
152
256
301
280
286
441
365
189
444
119
440
229
31
117
97
271
481
175
209
427
67
356
497
353
86
465
306
183
219
124
28
371
232
329
3
19
270
368
208
215
340
149
296
223
118
245
346
451
421
55
379
488
264
228
341
350
193
34
264
124
414
487
356
243
491
227
365
359
436
432
51
437
228
275
407
474
121
358
395
29
237
235
293
318
428
143
11
428
29
276
404
443
263
113
38
106
340
404
318
128
188
369
417
417
496
324
243
470
183
490
499
272
225
144
90
5
139
454
286
169
82
42
464
197
7
355
304
348
111
122
328
299
343
246
68
340
422
311
310
105
301
161
230
378
305
320
236
444
126
22
465
208
416
282
258
424
137
62
124
100
36
452
399
379
50
468
71
473
131
381
430
433
394
160
163
199
481
399
496
459
273
313
168
190
95
426
466
84
340
90
184
376
42
436
107
445
256
179
418
387
412
348
172
159
9
336
210
342
87
206
301
213
372
321
255
319
99
221
404
439
311
440
167
205
228
127
150
484
158
420
224
422
269
396
81
130
84
292
472
172
350
125
385
222
299
140
42
398
213
298
190
24
90
209
81
319
336
232
155
494
4
379
269
273
276
350
255
360
142
79
384
493
205
121
67
4
113
461
254
326
259
444
202
202
6
284
21
342
368
28
189
372
408
458
498
36
308
253
248
303
333
133
148
390
254
67
246
368
29
46
288
297
249
490
303
33
363
497
253
392
186
125
152
496
475
188
157
229
436
460
414
421
460
304
28
27
50
248
56
402
294
197
199
43
39
2
428
403
181
147
38
159
151
35
134
339
192
215
127
4
129
49
464
285
429
343
335
177
400
238
471
449
289
367
488
292
295
243
144
329
390
182
340
41
69
326
232
261
42
360
117
23
261
81
309
190
425
496
367
177
234
190
126
24
57
114
168
205
358
312
386
100
346
226
494
416
52
78
29
446
290
147
470
51
80
131
93
357
127
312
386
214
355
12
90
412
479
110
469
189
274
355
141
120
433
487
388
338
66
270
284
356
417
106
260
349
237
205
59
217
18
445
283
373
458
373
137
289
483
107
478
257
314
471
229
100
459
118
438
25
388
74
233
157
181
493
358
270
199
417
