2
3
4
4
4
5
6
7
9
11
12
18
19
21
22
23
24
24
25
27
28
28
28
29
29
29
29
31
33
34
35
36
36
38
38
39
41
42
42
42
42
43
46
49
50
50
51
51
52
55
56
57
59
62
66
67
67
67
68
69
70
71
74
78
79
80
81
81
81
82
84
84
86
87
90
90
90
90
93
95
97
97
99
100
100
100
101
105
106
106
107
107
110
111
113
113
114
117
117
118
118
119
120
121
121
122
124
124
124
125
125
126
126
127
127
127
128
129
130
131
131
133
134
137
137
139
140
141
142
143
144
144
147
147
148
149
150
151
152
152
155
157
157
158
159
159
160
161
163
167
168
168
169
172
172
175
177
177
179
181
181
182
183
183
184
186
188
188
189
189
189
190
190
190
190
192
193
197
197
199
199
199
202
202
205
205
205
205
206
208
208
209
209
210
213
213
214
215
215
217
219
221
222
223
224
225
226
227
228
228
228
229
229
229
230
232
232
232
233
234
235
236
237
237
238
243
243
243
245
246
246
248
248
249
253
253
254
254
255
255
256
256
257
258
259
260
261
261
263
264
264
269
269
270
270
270
271
272
273
273
274
275
276
276
280
282
283
284
284
285
286
286
288
289
289
290
292
292
293
294
295
295
296
297
298
299
299
301
301
301
303
303
304
304
305
306
308
309
310
311
311
312
312
313
314
317
318
318
319
319
320
321
324
326
326
328
329
329
333
335
336
336
338
339
340
340
340
340
340
341
342
342
343
343
346
346
348
348
349
350
350
350
353
355
355
355
356
356
356
357
358
358
358
359
360
360
363
365
365
367
367
368
368
368
369
371
372
372
373
373
376
378
378
379
379
379
381
384
385
386
386
387
388
388
390
390
392
394
395
396
398
399
399
400
402
402
403
404
404
404
407
408
412
412
414
414
416
416
417
417
417
417
418
420
421
421
422
422
424
425
426
427
428
428
428
429
430
432
433
433
434
436
436
436
437
438
439
440
440
441
443
444
444
444
445
445
446
449
451
452
454
458
458
459
459
460
460
461
464
464
465
465
466
467
468
469
470
470
471
471
472
473
474
475
478
479
481
481
483
484
487
487
488
488
490
490
491
492
493
493
494
494
496
496
496
496
497
497
498
499
