999
997
995
994
993
991
990
990
990
989
988
987
986
986
985
984
984
982
982
982
981
981
980
978
977
977
976
976
976
972
972
970
970
969
969
969
967
967
966
963
962
960
960
959
957
957
956
956
955
955
955
954
954
954
953
952
952
951
951
950
950
949
949
948
948
947
943
939
939
938
937
934
933
933
933
933
932
932
931
931
931
930
930
928
925
925
924
921
919
919
919
918
915
914
912
912
911
911
910
908
907
906
905
904
904
902
902
900
899
899
898
898
898
897
892
892
892
892
890
888
888
886
883
882
882
881
879
878
877
877
876
875
875
873
871
869
868
868
865
862
861
860
860
859
858
857
857
856
853
853
853
853
852
851
851
850
850
848
847
847
844
844
842
839
839
837
836
834
833
833
832
830
829
829
828
827
826
825
825
823
822
821
821
820
820
819
819
818
816
815
815
814
814
813
812
812
810
807
806
805
805
805
805
804
802
801
801
800
799
797
797
797
797
796
794
794
794
794
793
791
790
790
789
789
787
787
786
784
783
777
776
776
776
776
775
775
775
774
773
770
768
768
765
763
763
763
763
762
762
761
761
760
759
757
752
752
751
748
747
745
744
743
743
742
742
741
740
735
735
735
734
733
732
729
728
726
726
725
723
723
722
722
722
720
720
719
718
717
716
715
714
713
712
711
710
710
710
710
709
708
708
705
704
704
703
701
700
698
695
693
691
690
686
685
685
685
683
683
682
682
680
679
677
677
676
673
672
671
669
667
667
666
665
664
663
662
661
661
659
657
657
653
652
651
650
649
649
645
643
643
643
641
641
640
639
639
639
639
638
638
636
635
634
634
634
633
633
631
631
629
629
626
625
624
622
621
621
618
616
614
613
613
610
610
609
608
606
605
604
603
603
598
596
596
596
595
593
593
591
590
590
590
589
589
587
587
585
584
583
583
582
581
580
579
577
574
574
573
573
573
571
571
571
570
570
569
569
569
569
568
566
566
565
563
563
562
562
561
560
560
560
559
559
559
557
557
555
553
552
551
551
551
548
547
547
546
544
543
543
542
541
540
540
540
539
538
537
537
536
535
534
532
532
530
528
528
528
528
528
527
525
525
523
522
522
521
519
519
518
518
517
516
516
516
515
515
513
511
508
506
506
506
506
506
505
503
499
499
499
499
498
496
496
495
494
494
493
492
491
491
490
489
487
487
487
486
486
486
485
485
484
484
483
483
482
480
480
476
475
474
472
472
472
469
468
465
464
463
462
457
450
447
446
445
443
443
440
439
438
437
437
437
435
435
433
433
432
431
431
428
428
428
427
427
426
426
425
424
422
421
421
421
421
418
418
417
416
415
415
412
412
409
408
407
404
404
404
403
399
398
398
397
395
394
393
393
393
391
390
387
386
386
383
382
382
381
379
379
378
378
377
377
376
375
373
370
368
366
365
364
364
364
363
361
361
360
358
356
355
354
354
354
353
353
352
351
351
350
350
349
349
349
347
346
346
344
343
342
342
341
340
339
339
339
339
338
338
337
335
334
334
334
334
333
330
330
329
328
326
325
325
325
324
323
321
320
320
317
316
315
314
314
313
313
312
310
309
308
308
305
304
304
303
302
300
300
298
297
297
296
295
295
295
294
294
292
292
291
291
289
289
287
286
285
283
283
281
280
280
279
279
278
278
272
272
270
270
269
269
269
267
266
266
264
263
263
262
262
259
257
254
253
251
250
245
244
244
238
236
235
234
232
232
231
231
231
226
226
225
225
224
223
220
218
218
217
217
216
216
213
211
211
207
207
205
204
202
199
198
198
197
197
196
196
195
195
192
189
187
186
186
185
184
183
183
181
181
181
181
180
179
179
179
176
174
174
173
173
172
172
172
171
171
171
171
170
166
165
165
164
160
159
159
159
158
157
156
156
155
154
154
154
154
154
154
153
153
152
149
147
142
141
141
141
140
140
139
139
138
137
136
134
134
133
133
131
131
131
130
128
127
127
126
126
125
124
124
123
123
122
122
120
116
115
115
115
114
112
111
109
109
109
107
107
107
105
104
100
100
100
99
98
98
98
98
97
97
95
94
93
92
91
90
89
89
88
88
87
87
86
86
86
84
83
83
82
81
81
81
79
75
74
73
72
71
69
69
67
66
63
63
62
62
62
59
57
57
55
54
53
53
52
50
50
49
49
47
45
42
41
40
39
37
36
36
35
32
32
30
30
30
30
30
29
26
24
21
21
21
19
18
18
17
17
17
16
15
14
13
11
11
10
10
10
8
6
3
3
2
2
