83
77
15
93
35
49
21
27
59
63
11
67
29
23
67
35
29
69
67
93
11
29
73
21
19
37
15
295
467
101
97
317
301
441
365
189
119
229
31
117
97
271
481
175
209
427
67
497
353
465
183
219
371
329
3
19
215
149
223
245
451
421
55
379
341
193
487
243
491
227
365
359
51
437
275
407
121
395
29
237
235
293
143
11
29
839
569
363
173
847
431
791
57
115
521
157
491
947
951
231
21
537
325
81
231
139
21
379
977
685
483
207
759
857
499
911
127
105
563
49
711
805
291
375
955
589
993
805
717
93
593
253
543
713
179
377
775
919
17
235
137
691
153
943
573
925
291
217
963
55
571
661
633
685
789
73
851
805
503
485
195
639
949
967
763
677
981
865
955
211
379
321
427
283
63
347
573
59
47
435
443
159
683
41
723
335
821
457
365
747
171
269
701
703
653
933
907
959
797
991
715
171
189
559
109
539
109
53
81
989
67
147
223
787
231
281
875
179
131
813
857
181
81
603
433
181
487
415
825
551
297
181
415
57
595
999
297
483
977
309
587
21
563
211
685
285
583
525
839
525
643
337
621
955
225
815
437
853
783
657
97
827
269
71
651
149
639
393
577
199
931
87
777
99
657
17
641
735
195
805
593
197
555
445
325
997
283
127
421
693
439
421
159
985
957
761
541
399
217
173
15
851
263
491
37
537
859
871
987
341
665
511
69
517
361
83
351
667
489
875
679
141
969
649
465
183
39
969
535
621
393
289
109
631
673
735
295
877
313
833
949
355
155
793
933
823
83
77
15
93
35
49
21
27
59
63
11
67
29
23
67
35
29
69
67
93
11
29
73
21
19
37
15
295
467
101
97
317
301
441
365
189
119
229
31
117
97
271
481
175
209
427
67
497
353
465
183
219
371
329
3
19
215
149
223
245
451
421
55
379
341
193
487
243
491
227
365
359
51
437
275
407
121
395
29
237
235
293
143
11
29
839
569
363
173
847
431
791
57
115
521
157
491
947
951
231
21
537
325
81
231
139
21
379
977
685
483
207
759
857
499
911
127
105
563
49
711
805
291
375
955
589
993
805
717
93
593
253
543
713
179
377
775
919
17
235
137
691
153
943
573
925
291
217
963
55
571
661
633
685
789
73
851
805
503
485
195
639
949
967
763
677
981
865
955
211
379
321
427
283
63
347
573
59
47
435
443
159
683
41
723
335
821
457
365
747
171
269
701
703
653
933
907
959
797
991
715
171
189
559
109
539
109
53
81
989
67
147
223
787
231
281
875
179
131
813
857
181
81
603
433
181
487
415
825
551
297
181
415
57
595
999
297
483
977
309
587
21
563
211
685
285
583
525
839
525
643
337
621
955
225
815
437
853
783
657
97
827
269
71
651
149
639
393
577
199
931
87
777
99
657
17
641
735
195
805
593
197
555
445
325
997
283
127
421
693
439
421
159
985
957
761
541
399
217
173
15
851
263
491
37
537
859
871
987
341
665
511
69
517
361
83
351
667
489
875
679
141
969
649
465
183
39
969
535
621
393
289
109
631
673
735
295
877
313
833
949
355
155
793
933
823
83
77
15
93
35
49
21
27
59
63
11
67
29
23
67
35
29
69
67
93
11
29
73
21
19
37
15
295
467
101
97
317
301
441
365
189
119
229
31
117
97
271
481
175
209
427
67
497
353
465
183
219
371
329
3
19
215
149
223
245
451
421
55
379
341
193
487
243
491
227
365
359
51
437
275
407
121
395
29
237
235
293
143
11
29
839
569
363
173
847
431
791
57
115
521
157
491
947
951
231
21
537
325
81
231
139
21
379
977
685
483
207
759
857
499
911
127
105
563
49
711
805
291
375
955
589
993
805
717
93
593
253
543
713
179
377
775
919
17
235
137
691
153
943
573
925
291
217
963
55
571
661
633
685
789
73
851
805
503
485
195
639
949
967
763
677
981
865
955
211
379
321
427
283
63
347
573
59
47
435
443
159
683
41
723
335
821
457
365
747
171
269
701
703
653
933
907
959
797
991
715
171
189
559
109
539
109
53
81
989
67
147
223
787
231
281
875
179
131
813
857
181
81
603
433
181
487
415
825
551
297
181
415
57
595
999
297
483
977
309
587
21
563
211
685
285
583
525
839
525
643
337
621
955
225
815
437
853
783
657
97
827
269
71
651
149
639
393
577
199
931
87
777
99
657
17
641
735
195
805
593
197
555
445
325
997
283
127
421
693
439
421
159
985
957
761
541
399
217
173
15
851
263
491
37
537
859
871
987
341
665
511
69
517
361
83
351
667
489
875
679
141
969
649
465
183
39
969
535
621
393
289
109
631
673
735
295
877
313
833
949
355
155
793
933
823
83
77
15
93
35
49
21
27
59
63
11
67
29
23
67
35
29
69
67
93
11
29
73
21
19
37
15
295
467
101
97
317
301
441
365
189
119
229
31
117
97
271
481
175
209
427
67
497
353
465
183
219
371
329
3
19
215
149
223
245
451
421
55
379
341
193
487
243
491
227
365
359
51
437
275
407
121
395
29
237
235
293
143
11
29
839
569
363
173
847
431
791
57
115
521
157
491
947
951
231
21
537
325
81
231
139
21
379
977
685
483
207
759
857
499
911
127
105
563
49
711
805
291
375
955
589
993
805
717
93
593
253
543
713
179
377
775
919
17
235
137
691
153
943
573
925
291
217
963
55
571
661
633
685
789
73
851
805
503
485
195
639
949
967
763
677
981
865
955
211
379
321
427
283
63
347
573
59
47
435
443
159
683
41
723
335
821
457
365
747
171
269
701
703
653
933
907
959
797
991
715
171
189
559
109
539
109
53
81
989
67
147
223
787
231
281
875
179
131
813
857
181
81
603
433
181
487
415
825
551
297
181
415
57
595
999
297
483
977
309
587
21
563
211
685
285
583
525
839
525
643
337
621
955
225
815
437
853
783
657
97
827
269
71
651
149
639
393
577
199
931
87
777
99
657
17
641
735
195
805
593
197
555
445
325
997
283
127
421
693
439
421
159
985
957
761
541
399
217
173
15
851
263
491
37
537
859
871
987
341
665
511
69
517
361
83
351
667
489
875
679
141
969
649
465
183
39
969
535
621
393
289
109
631
673
735
295
877
313
833
949
355
155
793
933
823
83
77
15
93
35
49
21
27
59
63
11
67
29
23
67
35
29
69
67
93
11
29
73
21
19
37
15
295
467
101
97
317
301
441
365
189
119
229
31
117
97
271
481
175
209
427
67
497
353
465
183
219
371
329
3
19
215
149
223
245
451
421
55
379
341
193
487
243
491
227
365
359
51
437
275
407
121
395
29
237
235
293
143
11
29
839
569
363
173
847
431
791
57
115
521
157
491
947
951
231
21
537
325
81
231
139
21
379
977
685
483
207
759
857
499
911
127
105
563
49
711
805
291
375
955
589
993
805
717
93
593
253
543
713
179
377
775
919
17
235
137
691
153
943
573
925
291
217
963
55
571
661
633
685
789
73
851
805
503
485
195
639
949
967
763
677
981
865
955
211
379
321
427
283
63
347
573
59
47
435
443
159
683
41
723
335
821
457
365
747
171
269
701
703
653
933
907
959
797
991
715
171
189
559
109
539
109
53
81
989
67
147
223
787
231
281
875
179
131
813
857
181
81
603
433
181
487
415
825
551
297
181
415
57
595
999
297
483
977
309
587
21
563
211
685
285
583
525
839
525
643
337
621
955
225
815
437
853
783
657
97
827
269
71
651
149
639
393
577
199
931
87
777
99
657
17
641
735
195
805
593
197
555
445
325
997
283
127
421
693
439
421
159
985
957
761
541
399
217
173
15
851
263
491
37
537
859
871
987
341
665
511
69
517
361
83
351
667
489
875
679
141
969
649
465
183
39
969
535
621
393
289
109
631
673
735
295
877
313
833
949
355
155
793
933
823
83
77
15
93
35
49
21
27
59
63
11
67
29
23
67
35
29
69
67
93
11
29
73
21
19
37
15
295
467
101
97
317
301
441
365
189
119
229
31
117
97
271
481
175
209
427
67
497
353
465
183
219
371
329
3
19
215
149
223
245
451
421
55
379
341
193
487
243
491
227
365
359
51
437
275
407
121
395
29
237
235
293
143
11
29
839
569
363
173
847
431
791
57
115
521
157
491
947
951
231
21
537
325
81
231
139
21
379
977
685
483
207
759
857
499
911
127
105
563
49
711
805
291
375
955
589
993
805
717
93
593
253
543
713
179
377
775
919
17
235
137
691
153
943
573
925
291
217
963
55
571
661
633
685
789
73
851
805
503
485
195
639
949
967
763
677
981
865
955
211
379
321
427
283
63
347
573
59
47
435
443
159
683
41
723
335
821
457
365
747
171
269
701
703
653
933
907
959
797
991
715
171
189
559
109
539
109
53
81
989
67
147
223
787
231
281
875
179
131
813
857
181
81
603
433
181
487
415
825
551
297
181
415
57
595
999
297
483
977
309
587
21
563
211
685
285
583
525
839
525
643
337
621
955
225
815
437
853
783
657
97
827
269
71
651
149
639
393
577
199
931
87
777
99
657
17
641
735
195
805
593
197
555
445
325
997
283
127
421
693
439
421
159
985
957
761
541
399
217
173
15
851
263
491
37
537
859
871
987
341
665
511
69
517
361
83
351
667
489
875
679
141
969
649
465
183
39
969
535
621
393
289
109
631
673
735
295
877
313
833
949
355
155
793
933
823
83
77
15
93
35
49
21
27
59
63
11
67
29
23
67
35
29
69
67
93
11
29
73
21
19
37
15
295
467
101
97
317
301
441
365
189
119
229
31
117
97
271
481
175
209
427
67
497
353
465
183
219
371
329
3
19
215
149
223
245
451
421
55
379
341
193
487
243
491
227
365
359
51
437
275
407
121
395
29
237
235
293
143
11
29
839
569
363
173
847
431
791
57
115
521
157
491
947
951
231
21
537
325
81
231
139
21
379
977
685
483
207
759
857
499
911
127
105
563
49
711
805
291
375
955
589
993
805
717
93
593
253
543
713
179
377
775
919
17
235
137
691
153
943
573
925
291
217
963
55
571
661
633
685
789
73
851
805
503
485
195
639
949
967
763
677
981
865
955
211
379
321
427
283
63
347
573
59
47
435
443
159
683
41
723
335
821
457
365
747
171
269
701
703
653
933
907
959
797
991
715
171
189
559
109
539
109
53
81
989
67
147
223
787
231
281
875
179
131
813
857
181
81
603
433
181
487
415
825
551
297
181
415
57
595
999
297
483
977
309
587
21
563
211
685
285
583
525
839
525
643
337
621
955
225
815
437
853
783
657
97
827
269
71
651
149
639
393
577
199
931
87
777
99
657
17
641
735
195
805
593
197
555
445
325
997
283
127
421
693
439
421
159
985
957
761
541
399
217
173
15
851
263
491
37
537
859
871
987
341
665
511
69
517
361
83
351
667
489
875
679
141
969
649
465
183
39
969
535
621
393
289
109
631
673
735
295
877
313
833
949
355
155
793
933
823
83
77
15
93
35
49
21
27
59
63
11
67
29
23
67
35
29
69
67
93
11
29
73
21
19
37
15
295
467
101
97
317
301
441
365
189
119
229
31
117
97
271
481
175
209
427
67
497
353
465
183
219
371
329
3
19
215
149
223
245
451
421
55
379
341
193
487
243
491
227
365
359
51
437
275
407
121
395
29
237
235
293
143
11
29
839
569
363
173
847
431
791
57
115
521
157
491
947
951
231
21
537
325
81
231
139
21
379
977
685
483
207
759
857
499
911
127
105
563
49
711
805
291
375
955
589
993
805
717
93
593
253
543
713
179
377
775
919
17
235
137
691
153
943
573
925
291
217
963
55
571
661
633
685
789
73
851
805
503
485
195
639
949
967
763
677
981
865
955
211
379
321
427
283
63
347
573
59
47
435
443
159
683
41
723
335
821
457
365
747
171
269
701
703
653
933
907
959
797
991
715
171
189
559
109
539
109
53
81
989
67
147
223
787
231
281
875
179
131
813
857
181
81
603
433
181
487
415
825
551
297
181
415
57
595
999
297
483
977
309
587
21
563
211
685
285
583
525
839
525
643
337
621
955
225
815
437
853
783
657
97
827
269
71
651
149
639
393
577
199
931
87
777
99
657
17
641
735
195
805
593
197
555
445
325
997
283
127
421
693
439
421
159
985
957
761
541
399
217
173
15
851
263
491
37
537
859
871
987
341
665
511
69
517
361
83
351
667
489
875
679
141
969
649
465
183
39
969
535
621
393
289
109
631
673
735
295
877
313
833
949
355
155
793
933
823
83
77
15
93
35
49
21
27
59
63
11
67
29
23
67
35
29
69
67
93
11
29
73
21
19
37
15
295
467
101
97
317
301
441
365
189
119
229
31
117
97
271
481
175
209
427
67
497
353
465
183
219
371
329
3
19
215
149
223
245
451
421
55
379
341
193
487
243
491
227
365
359
51
437
275
407
121
395
29
237
235
293
143
11
29
839
569
363
173
847
431
791
57
115
521
157
491
947
951
231
21
537
325
81
231
139
21
379
977
685
483
207
759
857
499
911
127
105
563
49
711
805
291
375
955
589
993
805
717
93
593
253
543
713
179
377
775
919
17
235
137
691
153
943
573
925
291
217
963
55
571
661
633
685
789
73
851
805
503
485
195
639
949
967
763
677
981
865
955
211
379
321
427
283
63
347
573
59
47
435
443
159
683
41
723
335
821
457
365
747
171
269
701
703
653
933
907
959
797
991
715
171
189
559
109
539
109
53
81
989
67
147
223
787
231
281
875
179
131
813
857
181
81
603
433
181
487
415
825
551
297
181
415
57
595
999
297
483
977
309
587
21
563
211
685
285
583
525
839
525
643
337
621
955
225
815
437
853
783
657
97
827
269
71
651
149
639
393
577
199
931
87
777
99
657
17
641
735
195
805
593
197
555
445
325
997
283
127
421
693
439
421
159
985
957
761
541
399
217
173
15
851
263
491
37
537
859
871
987
341
665
511
69
517
361
83
351
667
489
875
679
141
969
649
465
183
39
969
535
621
393
289
109
631
673
735
295
877
313
833
949
355
155
793
933
823
83
77
15
93
35
49
21
27
59
63
11
67
29
23
67
35
29
69
67
93
11
29
73
21
19
37
15
295
467
101
97
317
301
441
365
189
119
229
31
117
97
271
481
175
209
427
67
497
353
465
183
219
371
329
3
19
215
149
223
245
451
421
55
379
341
193
487
243
491
227
365
359
51
437
275
407
121
395
29
237
235
293
143
11
29
839
569
363
173
847
431
791
57
115
521
157
491
947
951
231
21
537
325
81
231
139
21
379
977
685
483
207
759
857
499
911
127
105
563
49
711
805
291
375
955
589
993
805
717
93
593
253
543
713
179
377
775
919
17
235
137
691
153
943
573
925
291
217
963
55
571
661
633
685
789
73
851
805
503
485
195
639
949
967
763
677
981
865
955
211
379
321
427
283
63
347
573
59
47
435
443
159
683
41
723
335
821
457
365
747
171
269
701
703
653
933
907
959
797
991
715
171
189
559
109
539
109
53
81
989
67
147
223
787
231
281
875
179
131
813
857
181
81
603
433
181
487
415
825
551
297
181
415
57
595
999
297
483
977
309
587
21
563
211
685
285
583
525
839
525
643
337
621
955
225
815
437
853
783
657
97
827
269
71
651
149
639
393
577
199
931
87
777
99
657
17
641
735
195
805
593
197
555
445
325
997
283
127
421
693
439
421
159
985
957
761
541
399
217
173
15
851
263
491
37
537
859
871
987
341
665
511
69
517
361
83
351
667
489
875
679
141
969
649
465
183
39
969
535
621
393
289
109
631
673
735
295
877
313
833
949
355
155
793
933
823
83
77
15
93
35
49
21
27
59
63
11
67
29
23
67
35
29
69
67
93
11
29
73
21
19
37
15
295
467
101
97
317
301
441
365
189
119
229
31
117
97
271
481
175
209
427
67
497
353
465
183
219
371
329
3
19
215
149
223
245
451
421
55
379
341
193
487
243
491
227
365
359
51
437
275
407
121
395
29
237
235
293
143
11
29
839
569
363
173
847
431
791
57
115
521
157
491
947
951
231
21
537
325
81
231
139
21
379
977
685
483
207
759
857
499
911
127
105
563
49
711
805
291
375
955
589
993
805
717
93
593
253
543
713
179
377
775
919
17
235
137
691
153
943
573
925
291
217
963
55
571
661
633
685
789
73
851
805
503
485
195
639
949
967
763
677
981
865
955
211
379
321
427
283
63
347
573
59
47
435
443
159
683
41
723
335
821
457
365
747
171
269
701
703
653
933
907
959
797
991
715
171
189
559
109
539
109
53
81
989
67
147
223
787
231
281
875
179
131
813
857
181
81
603
433
181
487
415
825
551
297
181
415
57
595
999
297
483
977
309
587
21
563
211
685
285
583
525
839
525
643
337
621
955
225
815
437
853
783
657
97
827
269
71
651
149
639
393
577
199
931
87
777
99
657
17
641
735
195
805
593
197
555
445
325
997
283
127
421
693
439
421
159
985
957
761
541
399
217
173
15
851
263
491
37
537
859
871
987
341
665
511
69
517
361
83
351
667
489
875
679
141
969
649
465
183
39
969
535
621
393
289
109
631
673
735
295
877
313
833
949
355
155
793
933
823
83
77
15
93
35
49
21
27
59
63
11
67
29
23
67
35
29
69
67
93
11
29
73
21
19
37
15
295
467
101
97
317
301
441
365
189
119
229
31
117
97
271
481
175
209
427
67
497
353
465
183
219
371
329
3
19
215
149
223
245
451
421
55
379
341
193
487
243
491
227
365
359
51
437
275
407
121
395
29
237
235
293
143
11
29
839
569
363
173
847
431
791
57
115
521
157
491
947
951
231
21
537
325
81
231
139
21
379
977
685
483
207
759
857
499
911
127
105
563
49
711
805
291
375
955
589
993
805
717
93
593
253
543
713
179
377
775
919
17
235
137
691
153
943
573
925
291
217
963
55
571
661
633
685
789
73
851
805
503
485
195
639
949
967
763
677
981
865
955
211
379
321
427
283
63
347
573
59
47
435
443
159
683
41
723
335
821
457
365
747
171
269
701
703
653
933
907
959
797
991
715
171
189
559
109
539
109
53
81
989
67
147
223
787
231
281
875
179
131
813
857
181
81
603
433
181
487
415
825
551
297
181
415
57
595
999
297
483
977
309
587
21
563
211
685
285
583
525
839
525
643
337
621
955
225
815
437
853
783
657
97
827
269
71
651
149
639
393
577
199
931
87
777
99
657
17
641
735
195
805
593
197
555
445
325
997
283
127
421
693
439
421
159
985
957
761
541
399
217
173
15
851
263
491
37
537
859
871
987
341
665
511
69
517
361
83
351
667
489
875
679
141
969
649
465
183
39
969
535
621
393
289
109
631
673
735
295
877
313
833
949
355
155
793
933
823
83
77
15
93
35
49
21
27
59
63
11
67
29
23
67
35
29
69
67
93
11
29
73
21
19
37
15
295
467
101
97
317
301
441
365
189
119
229
31
117
97
271
481
175
209
427
67
497
353
465
183
219
371
329
3
19
215
149
223
245
451
421
55
379
341
193
487
243
491
227
365
359
51
437
275
407
121
395
29
237
235
293
143
11
29
839
569
363
173
847
431
791
57
115
521
157
491
947
951
231
21
537
325
81
231
139
21
379
977
685
483
207
759
857
499
911
127
105
563
49
711
805
291
375
955
589
993
805
717
93
593
253
543
713
179
377
775
919
17
235
137
691
153
943
573
925
291
217
963
55
571
661
633
685
789
73
851
805
503
485
195
639
949
967
763
677
981
865
955
211
379
321
427
283
63
347
573
59
47
435
443
159
683
41
723
335
821
457
365
747
171
269
701
703
653
933
907
959
797
991
715
171
189
559
109
539
109
53
81
989
67
147
223
787
231
281
875
179
131
813
857
181
81
603
433
181
487
415
825
551
297
181
415
57
595
999
297
483
977
309
587
21
563
211
685
285
583
525
839
525
643
337
621
955
225
815
437
853
783
657
97
827
269
71
651
149
639
393
577
199
931
87
777
99
657
17
641
735
195
805
593
197
555
445
325
997
283
127
421
693
439
421
159
985
957
761
541
399
217
173
15
851
263
491
37
537
859
871
987
341
665
511
69
517
361
83
351
667
489
875
679
141
969
649
465
183
39
969
535
621
393
289
109
631
673
735
295
877
313
833
949
355
155
793
933
823
83
77
15
93
35
49
21
27
59
63
11
67
29
23
67
35
29
69
67
93
11
29
73
21
19
37
15
295
467
101
97
317
301
441
365
189
119
229
31
117
97
271
481
175
209
427
67
497
353
465
183
219
371
329
3
19
215
149
223
245
451
421
55
379
341
193
487
243
491
227
365
359
51
437
275
407
121
395
29
237
235
293
143
11
29
839
569
363
173
847
431
791
57
115
521
157
491
947
951
231
21
537
325
81
231
139
21
379
977
685
483
207
759
857
499
911
127
105
563
49
711
805
291
375
955
589
993
805
717
93
593
253
543
713
179
377
775
919
17
235
137
691
153
943
573
925
291
217
963
55
571
661
633
685
789
73
851
805
503
485
195
639
949
967
763
677
981
865
955
211
379
321
427
283
63
347
573
59
47
435
443
159
683
41
723
335
821
457
365
747
171
269
701
703
653
933
907
959
797
991
715
171
189
559
109
539
109
53
81
989
67
147
223
787
231
281
875
179
131
813
857
181
81
603
433
181
487
415
825
551
297
181
415
57
595
999
297
483
977
309
587
21
563
211
685
285
583
525
839
525
643
337
621
955
225
815
437
853
783
657
97
827
269
71
651
149
639
393
577
199
931
87
777
99
657
17
641
735
195
805
593
197
555
445
325
997
283
127
421
693
439
421
159
985
957
761
541
399
217
173
15
851
263
491
37
537
859
871
987
341
665
511
69
517
361
83
351
667
489
875
679
141
969
649
465
183
39
969
535
621
393
289
109
631
673
735
295
877
313
833
949
355
155
793
933
823
83
77
15
93
35
49
21
27
59
63
11
67
29
23
67
35
29
69
67
93
11
29
73
21
19
37
15
295
467
101
97
317
301
441
365
189
119
229
31
117
97
271
481
175
209
427
67
497
353
465
183
219
371
329
3
19
215
149
223
245
451
421
55
379
341
193
487
243
491
227
365
359
51
437
275
407
121
395
29
237
235
293
143
11
29
839
569
363
173
847
431
791
57
115
521
157
491
947
951
231
21
537
325
81
231
139
21
379
977
685
483
207
759
857
499
911
127
105
563
49
711
805
291
375
955
589
993
805
717
93
593
253
543
713
179
377
775
919
17
235
137
691
153
943
573
925
291
217
963
55
571
661
633
685
789
73
851
805
503
485
195
639
949
967
763
677
981
865
955
211
379
321
427
283
63
347
573
59
47
435
443
159
683
41
723
335
821
457
365
747
171
269
701
703
653
933
907
959
797
991
715
171
189
559
109
539
109
53
81
989
67
147
223
787
231
281
875
179
131
813
857
181
81
603
433
181
487
415
825
551
297
181
415
57
595
999
297
483
977
309
587
21
563
211
685
285
583
525
839
525
643
337
621
955
225
815
437
853
783
657
97
827
269
71
651
149
639
393
577
199
931
87
777
99
657
17
641
735
195
805
593
197
555
445
325
997
283
127
421
693
439
421
159
985
957
761
541
399
217
173
15
851
263
491
37
537
859
871
987
341
665
511
69
517
361
83
351
667
489
875
679
141
969
649
465
183
39
969
535
621
393
289
109
631
673
735
295
877
313
833
949
355
155
793
933
823
